function H = get_H
    H = [0.5282 - 1i*0.0658, -0.3370 - 1i*0.4516; ...
    0.0294 + 1i*0.3040, 0.7462 + 1i*0.1550; ...
    -0.5102 - 1i*0.2616, -0.1954 - 1i*0.0563; ...
    -0.2539 - 1i*0.4797, 0.2375 - 1i*0.0622];
end